S10	S11	S12	S13	S14	S15	S16	S17	S18	S19	S20	S21	S22	S23	S24	S25	S26	S27	S28	S29	S30	S31	S32	S33	S34	S35	S36	S37	S38	S40	S8	S9
Otu00001	1023	0	962	708	1283	657	55817	46240	23167	29452	2861	0	21026	0	0	0	0	0	0	0	4614	10908	0	0	0	0	0	0	377	0	329	0
Otu00002	10132	8626	8337	3394	7172	4501	7634	5155	4255	4313	13784	0	4980	6100	6401	7861	1526	3826	3602	8806	887	291	0	354	0	1316	1395	2885	5216	7882	11868	558
Otu00003	4726	5926	7955	4818	8122	6687	10411	8684	4741	4618	7385	0	9002	4299	4729	4877	2515	3086	760	1904	3617	3150	1589	0	0	1239	454	2961	6134	0	6457	0
Otu00004	414	0	2320	908	1781	1229	775	542	406	395	1866	0	778	692	497	514	0	8177	12531	10857	17250	40996	0	0	322	4995	2436	2117	0	2075	488	0
Otu00005	6133	3826	6331	2731	5568	3701	5702	4124	2859	2912	9110	0	3081	4820	4088	6102	1087	3069	2974	6808	1014	365	0	0	0	1612	2044	2315	2904	5064	6593	426
Otu00006	5034	3116	4372	2155	3734	2830	7129	6006	4276	4109	7716	0	6613	3028	1671	3408	1777	3230	3826	5156	2743	1616	1808	0	0	840	1145	2339	2865	2452	3725	385
Otu00007	928	365	1780	639	1581	966	432	0	0	0	831	0	906	2208	2015	1640	323	7149	4279	27616	4455	10217	0	0	0	9350	4853	5057	312	8870	1516	0
Otu00008	3666	4084	4328	2372	3917	3431	5731	4753	3430	3571	6888	0	5109	2302	1097	2438	954	4893	2997	5644	2191	1998	3129	0	0	766	1006	1742	2250	1191	3967	0
Otu00009	1324	0	5706	1870	4841	3214	1021	620	454	409	1217	0	1473	2285	1719	2124	493	3572	2225	13153	0	0	0	0	0	14130	6679	4626	923	9959	1846	0
Otu00010	2134	0	724	490	986	555	5296	5277	1919	2462	1364	0	2873	6776	9444	6436	3508	0	0	0	0	0	0	0	0	1267	872	766	0	318	1244	0
Otu00011	725	367	2813	1425	2970	2105	2304	1985	1153	1306	1963	0	2232	2783	1379	2687	645	1180	419	1987	4145	11843	0	0	0	997	714	1569	960	1051	921	0
Otu00012	724	358	1413	776	1392	849	1267	1061	664	690	2170	0	990	1194	899	1439	321	884	1205	2255	501	0	0	0	0	1281	1229	1441	813	1807	536	0
Otu00013	662	0	6758	2793	6074	2337	617	642	0	0	1325	0	1185	0	0	370	0	0	0	369	0	340	0	0	0	0	0	0	1304	495	1417	0
Otu00014	649	0	708	354	674	467	1283	1175	898	938	1727	0	1542	469	0	465	0	1057	1427	1772	2357	1484	3015	0	0	511	705	704	0	361	311	0
Otu00015	0	0	0	0	0	0	1114	1084	448	592	625	0	528	3180	4448	3015	1778	0	487	0	752	1959	0	0	0	560	649	0	0	958	0	0
Otu00016	0	0	420	0	353	0	0	0	0	0	0	0	0	0	0	0	0	6154	4658	7686	0	351	0	0	289	939	503	372	0	0	0	0
Otu00017	325	0	1402	902	2095	1052	1274	1324	616	707	511	0	1076	1229	1625	1263	1111	606	287	512	0	0	0	0	0	554	450	684	1241	396	343	0
Otu00018	647	0	908	534	838	653	1392	1203	719	815	1728	0	1464	1000	386	944	369	683	460	1146	968	522	1260	0	0	0	0	735	393	539	396	0
Otu00019	480	1163	1876	962	1944	1400	1356	1246	517	600	634	0	1096	900	657	919	349	483	0	0	437	412	0	0	0	0	0	713	1206	0	821	0
Otu00020	1050	931	1039	416	844	577	985	661	458	426	1397	0	529	1119	635	1355	0	365	0	716	0	0	0	0	0	0	0	536	1000	1603	1014	0
Otu00021	686	285	927	344	1104	451	818	587	448	446	800	0	624	1040	841	1034	0	632	636	1363	0	0	0	0	0	0	0	336	447	1307	539	0
Otu00022	0	0	0	0	0	0	0	0	0	0	0	0	0	0	0	0	0	0	0	0	4002	9757	0	0	0	0	0	0	0	0	0	0
Otu00023	0	0	1131	706	1502	855	720	688	0	0	391	0	796	333	369	0	0	0	0	0	0	0	0	0	0	1845	1368	1260	371	0	0	0
Otu00024	647	0	712	362	930	482	603	668	0	0	0	0	531	1535	1531	1348	468	0	0	0	0	0	0	0	0	0	0	468	426	0	657	0
Otu00025	367	0	536	363	653	530	797	790	0	336	669	0	982	1139	954	1103	0	417	0	0	0	436	0	0	0	0	0	465	0	0	355	0
Otu00026	0	0	1516	641	1306	557	0	0	0	0	756	0	0	910	1069	1429	0	0	0	1177	0	0	0	0	0	0	0	0	0	1389	0	0
Otu00027	0	0	0	0	0	0	0	0	0	0	0	0	0	0	0	0	0	1789	2901	4467	0	527	0	0	0	382	0	0	0	324	0	0
Otu00028	0	0	738	402	812	537	767	632	347	379	379	0	475	0	0	0	0	0	0	0	814	3137	0	0	0	0	0	309	367	0	0	0
Otu00029	0	0	0	0	0	0	0	0	0	0	371	0	0	0	0	0	0	0	0	0	2357	9050	0	0	0	0	0	0	0	0	0	0
Otu00030	372	0	601	316	580	383	713	571	390	451	911	0	919	360	0	369	0	390	610	894	389	0	0	0	0	407	562	433	0	291	0	0
Otu00031	0	0	0	0	0	0	0	0	0	0	0	0	0	0	0	0	0	0	0	0	3508	7953	0	0	0	0	0	0	0	0	0	0
Otu00032	0	0	0	0	0	0	399	342	0	0	435	0	442	324	0	0	0	294	455	640	881	671	2990	0	0	0	0	0	0	0	0	0
Otu00033	621	516	582	305	503	451	951	793	484	517	818	0	759	518	338	599	0	323	0	0	0	0	0	0	0	0	0	0	441	0	506	0
Otu00034	755	0	311	0	384	0	482	438	0	0	387	0	325	1211	1683	1215	487	0	0	0	0	532	0	0	0	313	0	0	0	0	511	0
Otu00035	402	0	2448	828	2382	729	0	0	0	0	0	0	322	0	0	0	0	0	0	0	0	0	0	0	0	0	0	0	709	470	638	0
Otu00036	0	0	1276	714	1112	744	1117	888	534	504	461	0	506	557	652	563	432	0	0	0	0	0	0	0	0	0	0	0	394	0	0	0
Otu00037	609	0	569	304	487	407	810	598	538	540	665	0	719	543	0	448	0	0	0	0	0	0	0	0	0	0	0	0	0	0	375	0
Otu00038	0	0	1832	1161	2889	1232	0	0	0	0	0	0	0	0	0	0	0	0	0	0	0	0	0	0	0	0	0	0	1719	0	0	0
Otu00039	0	0	680	439	943	545	561	430	0	322	0	0	594	694	868	707	524	0	0	0	0	0	0	0	0	0	0	306	0	0	0	0
Otu00040	0	1920	0	0	382	0	340	380	0	0	0	0	380	374	469	393	625	0	0	0	0	0	0	0	0	0	0	0	1169	0	477	0
Otu00041	0	0	497	0	395	0	0	0	0	0	0	0	0	0	0	0	0	0	0	0	1171	3559	0	0	0	0	0	0	0	0	0	0
Otu00042	0	0	275	0	0	0	0	371	0	0	737	0	0	1211	1402	1044	906	0	0	0	0	0	0	0	0	0	0	0	0	0	0	0
Otu00043	0	0	308	0	0	0	0	0	0	0	713	291	339	0	0	0	0	0	572	370	430	370	719	0	0	335	423	0	0	369	0	0
Otu00044	0	0	0	0	0	0	0	0	0	0	0	0	0	0	0	0	0	0	0	0	2022	4609	0	0	0	585	674	0	0	0	0	0
Otu00045	0	0	681	321	597	362	0	0	0	0	0	0	0	1127	1065	1315	402	0	0	0	0	0	0	0	0	0	0	0	0	643	406	0
Otu00046	0	0	0	0	0	0	0	0	0	0	0	0	0	0	0	0	0	0	0	0	1333	2510	0	0	0	551	554	0	0	0	0	0
Otu00047	0	0	0	0	332	0	0	0	0	0	350	0	0	332	0	0	0	0	0	0	987	2311	0	0	0	0	0	0	0	465	0	0
Otu00048	0	0	0	0	0	0	367	370	0	0	4663	0	0	0	370	346	0	0	0	0	0	0	0	0	0	0	0	0	0	0	0	0
Otu00049	0	0	513	0	572	312	0	0	0	0	0	0	0	352	0	0	0	0	0	0	666	1367	0	0	0	0	0	0	0	0	0	0
Otu00050	0	0	736	472	840	548	442	434	0	0	0	0	649	0	486	331	0	0	0	0	0	0	0	0	0	0	0	379	0	0	0	0
Otu00051	0	0	0	0	0	0	0	0	0	0	0	0	0	0	0	0	0	0	0	556	1477	4040	0	0	0	0	0	0	0	0	0	0
Otu00052	0	0	0	0	300	0	814	799	0	333	374	0	511	583	817	587	0	0	0	0	0	0	0	0	0	0	0	0	0	0	0	0
Otu00053	0	0	427	0	566	424	613	599	0	0	0	0	634	0	0	0	0	0	0	0	0	0	0	0	0	0	0	0	0	0	0	0
Otu00054	0	0	632	318	641	364	0	0	0	0	0	0	0	0	0	0	0	0	0	0	0	664	0	0	0	0	0	0	0	0	0	0
Otu00055	0	0	0	0	0	0	0	0	0	0	0	0	0	0	0	0	0	0	0	0	2086	3442	0	0	0	0	0	0	0	0	0	0
Otu00056	0	0	0	0	0	0	0	0	0	0	0	0	0	0	0	0	0	0	0	0	1622	3931	0	0	0	0	0	0	0	0	0	0
Otu00057	0	0	387	0	386	319	0	0	0	0	0	0	0	406	518	349	342	0	0	0	0	0	0	0	0	0	0	0	318	0	0	0
Otu00058	0	471	409	0	371	0	0	0	0	0	663	0	0	0	366	340	0	0	0	0	0	0	0	0	0	0	0	0	473	0	403	0
Otu00059	0	0	0	0	0	0	0	0	0	0	330	0	0	0	0	0	0	0	0	0	0	0	0	0	0	0	0	0	0	0	0	0
Otu00060	0	0	0	0	0	0	0	0	0	0	311	0	0	403	368	0	304	0	0	0	0	0	0	0	0	0	0	852	0	0	0	0
Otu00061	0	0	0	0	370	0	0	0	0	0	0	0	0	363	475	373	0	0	0	0	0	0	0	0	0	0	0	0	0	0	0	0
Otu00062	0	0	0	0	0	0	0	0	0	0	339	0	0	0	0	0	0	0	0	0	733	1996	0	0	0	0	0	0	0	0	0	0
Otu00063	0	0	533	0	464	417	0	0	0	0	0	0	0	0	0	0	0	0	0	0	0	0	0	0	0	0	0	0	0	0	0	0
Otu00064	0	0	0	0	401	0	0	0	0	0	0	0	0	0	0	0	0	324	0	330	0	546	0	0	0	0	0	0	0	0	0	0
Otu00065	0	0	0	0	0	0	0	0	0	0	0	0	0	0	0	0	0	0	0	0	527	1750	0	0	0	0	0	0	0	0	0	0
Otu00066	0	0	0	0	0	0	0	0	0	0	0	0	0	0	0	0	0	0	0	329	0	0	0	0	0	0	0	0	0	0	0	0
Otu00068	0	0	0	0	0	0	0	0	0	0	0	0	246	0	0	0	0	0	0	0	0	0	0	0	0	0	0	0	370	0	0	0
Otu00069	0	0	0	0	0	0	0	0	0	0	0	0	0	0	0	0	0	0	679	649	0	0	0	0	0	0	0	0	0	0	0	0
Otu00070	0	0	0	0	0	0	0	0	0	0	0	0	0	380	476	350	0	0	0	0	0	0	0	0	0	0	0	0	0	0	0	0
Otu00071	0	0	0	0	0	0	0	0	0	0	0	0	0	0	0	0	0	0	0	0	502	1388	0	0	0	0	0	0	0	0	0	0
Otu00072	0	0	0	0	0	0	0	0	0	0	0	0	0	0	0	0	0	0	0	0	1165	2124	0	0	0	0	0	0	0	0	0	0
Otu00073	0	0	0	0	0	0	0	0	0	0	314	0	0	0	0	0	0	0	0	0	1236	1782	0	0	0	0	0	0	0	0	0	0
Otu00074	0	0	0	0	0	0	0	0	0	0	514	0	0	368	490	331	0	0	0	0	0	0	0	0	0	0	0	0	0	0	0	0
Otu00075	0	0	0	0	0	0	0	0	0	0	0	0	0	0	0	0	0	0	0	0	548	355	500	0	0	0	0	0	0	0	0	0
Otu00076	0	0	0	0	0	0	318	0	0	0	0	0	510	0	0	0	0	0	0	0	0	0	0	0	0	0	0	0	0	0	0	0
Otu00077	0	0	323	0	301	0	0	0	0	0	0	0	0	0	0	0	0	0	0	0	0	0	0	0	0	0	0	0	0	0	0	0
Otu00078	0	0	0	0	0	0	0	0	0	0	0	0	0	0	0	0	0	0	0	0	0	0	0	0	0	0	0	0	0	279	0	0
Otu00079	0	0	385	0	398	0	0	0	0	0	554	0	0	0	0	0	0	0	0	0	0	0	0	0	0	0	0	0	0	0	0	0
Otu00081	0	0	0	0	0	0	0	0	0	0	0	0	0	0	0	0	0	0	0	0	822	1938	0	0	0	0	0	0	0	0	0	0
Otu00083	0	0	0	0	0	0	0	0	0	0	0	0	0	400	0	317	0	0	0	0	0	0	0	0	0	0	0	0	0	301	0	0
Otu00084	0	0	0	0	0	0	0	0	0	0	0	0	0	0	0	0	0	0	0	0	870	1662	0	0	0	0	0	0	0	0	0	0
Otu00085	0	0	0	0	328	0	0	0	0	0	0	0	0	0	0	0	0	0	0	0	0	0	0	0	0	0	0	0	0	0	0	0
Otu00086	0	521	0	0	0	0	0	0	0	0	0	0	0	0	0	0	0	0	0	0	0	0	0	0	0	0	0	0	0	0	0	0
Otu00087	0	0	0	0	401	0	0	0	0	0	0	0	0	0	0	0	0	0	0	0	0	0	0	0	0	0	0	0	0	0	0	0
Otu00088	0	0	0	0	0	0	0	0	0	0	0	0	0	0	0	0	0	0	0	0	753	1227	0	0	0	0	0	0	0	0	0	0
Otu00089	0	0	0	0	0	0	293	0	0	0	0	0	0	0	0	0	0	0	0	0	0	0	0	0	0	0	0	0	0	0	0	0
Otu00091	0	0	0	0	0	0	0	0	0	0	0	0	0	0	0	0	0	0	0	0	548	1524	0	0	0	0	0	0	0	0	0	0
Otu00092	0	0	0	0	0	0	0	0	0	0	0	0	0	0	354	0	0	0	0	0	0	0	0	0	0	0	0	0	0	0	0	0
Otu00093	0	0	0	0	0	0	0	0	0	0	0	0	0	0	0	0	0	0	0	0	428	941	0	0	0	0	0	0	0	0	0	0
Otu00094	0	285	0	0	0	0	0	0	0	0	0	0	0	0	0	0	0	0	0	0	0	0	0	0	0	0	0	0	0	0	0	0
Otu00095	0	0	0	0	0	0	0	0	0	0	0	0	0	0	0	0	0	0	0	455	0	0	0	0	0	0	0	0	0	0	0	0
Otu00098	0	0	0	0	0	0	0	0	0	0	0	0	0	0	0	0	0	0	0	0	399	899	0	0	0	0	0	0	0	0	0	0
Otu00099	0	0	0	0	0	0	0	0	0	0	0	0	0	348	399	354	0	0	0	0	0	0	0	0	0	0	0	0	0	0	0	0
Otu00101	534	0	0	0	0	0	0	0	0	0	0	0	0	0	0	0	0	0	0	0	0	0	0	0	0	0	0	0	0	0	439	0
Otu00104	0	0	0	0	0	0	0	0	0	0	0	0	0	0	0	0	0	0	0	0	378	933	0	0	0	0	0	0	0	0	0	0
Otu00107	0	0	0	0	0	0	0	0	0	0	0	0	0	0	0	0	0	0	0	0	397	957	0	0	0	0	0	0	0	0	0	0
Otu00108	0	0	0	0	0	0	0	0	0	0	0	0	429	0	0	0	0	0	0	0	0	0	0	0	0	0	0	0	0	0	0	0
Otu00112	0	335	0	0	0	0	0	0	0	0	0	0	0	0	0	0	0	0	0	0	0	0	0	0	0	0	0	0	0	0	0	0
Otu00114	0	0	0	0	0	0	0	0	0	0	0	0	0	0	0	0	0	0	0	0	373	970	0	0	0	0	0	0	0	0	0	0
Otu00117	0	0	0	0	0	0	0	0	0	0	378	0	0	0	0	0	0	0	0	0	0	0	0	0	0	0	0	0	0	0	0	0
Otu00118	0	0	0	0	0	0	0	0	0	0	0	0	0	0	0	0	0	0	0	0	0	604	0	0	0	0	0	0	0	0	0	0
Otu00120	0	0	0	0	0	0	0	0	0	0	0	0	0	0	0	0	0	0	0	0	0	0	491	0	0	0	0	0	0	0	0	0
Otu00125	0	0	0	0	0	0	0	0	0	0	0	0	0	0	0	0	0	0	0	0	0	534	0	0	0	0	0	0	0	0	0	0
Otu00127	0	0	0	0	0	0	0	0	0	0	0	0	0	0	0	0	0	0	0	0	0	0	767	0	0	0	0	0	0	0	0	0
Otu00128	0	0	0	0	0	0	0	0	0	0	0	0	0	0	0	0	0	0	0	0	0	652	0	0	0	0	0	0	0	0	0	0
Otu00129	0	0	0	0	0	0	0	0	0	0	0	0	0	0	0	0	0	0	0	0	0	0	0	0	0	0	0	0	365	0	0	0
Otu00131	0	0	0	0	0	0	0	0	0	0	0	0	0	0	0	0	0	0	0	0	0	397	0	0	0	0	0	0	0	0	0	0
Otu00137	0	0	0	0	0	0	0	0	0	0	0	0	0	0	0	0	0	0	0	0	0	0	0	0	0	0	0	379	0	0	0	0
Otu00138	0	0	0	0	0	0	0	0	0	0	0	0	0	0	0	0	0	0	0	0	0	658	0	0	0	0	0	0	0	0	0	0
Otu00139	0	0	0	0	0	0	0	0	0	0	0	0	0	0	0	0	0	0	0	0	0	569	0	0	0	0	0	0	0	0	0	0
Otu00145	0	0	0	0	0	0	0	0	0	0	0	0	0	0	0	0	0	0	0	0	0	0	664	0	0	0	0	0	0	0	0	0
Otu00147	0	0	0	0	0	0	0	0	0	0	0	0	0	0	0	0	0	0	0	0	0	321	0	0	0	0	0	0	0	0	0	0
Otu00150	0	0	0	0	0	0	0	0	0	0	0	0	0	0	0	0	0	0	0	0	0	657	0	0	0	0	0	0	0	0	0	0
Otu00152	0	0	0	0	0	0	0	0	0	0	0	0	0	0	0	0	0	0	0	0	0	726	0	0	0	0	0	0	0	0	0	0
Otu00153	0	0	0	0	0	0	0	0	0	0	0	0	0	0	0	0	0	0	0	0	0	579	0	0	0	0	0	0	0	0	0	0
Otu00162	0	0	0	0	0	0	0	0	0	0	0	0	0	0	0	0	0	0	0	0	0	424	0	0	0	0	0	0	0	0	0	0
Otu00169	0	0	0	0	0	0	0	0	0	0	0	0	0	0	0	0	0	0	0	0	0	474	0	0	0	0	0	0	0	0	0	0
Otu00176	0	0	0	0	0	0	0	0	0	0	0	0	0	0	0	0	0	0	0	0	0	404	0	0	0	0	0	0	0	0	0	0
Otu00182	0	0	0	0	0	0	0	0	0	0	0	0	0	0	0	0	0	0	0	0	0	387	0	0	0	0	0	0	0	0	0	0
Otu00184	0	0	0	0	0	0	0	0	0	0	0	0	0	0	0	0	0	0	0	0	0	0	300	0	0	0	0	0	0	0	0	0
Otu00187	0	0	0	0	0	0	0	0	0	0	0	0	0	0	0	0	0	0	0	0	0	382	0	0	0	0	0	0	0	0	0	0
Otu00193	0	0	0	0	0	0	0	0	0	0	0	0	0	0	0	0	0	0	0	0	0	0	0	0	0	0	0	0	512	0	0	0
Otu00196	0	0	0	0	0	0	0	0	0	0	0	0	0	0	0	0	0	0	0	0	0	371	0	0	0	0	0	0	0	0	0	0
Otu00204	0	0	0	0	0	0	0	0	0	0	417	0	0	0	0	0	0	0	0	0	0	0	0	0	0	0	0	0	0	0	0	0
Otu00205	0	0	0	0	0	0	0	0	0	0	0	0	0	0	0	0	0	0	0	0	0	303	0	0	0	0	0	0	0	0	0	0
Otu00207	0	0	0	0	0	0	0	0	0	0	0	0	0	0	0	0	0	0	0	0	0	279	0	0	0	0	0	0	0	0	0	0
